1000
300.000000 1.153907e+02
350.000000 1.153776e+02
400.000000 1.153643e+02
450.000000 1.153513e+02
500.000000 1.153385e+02
550.000000 1.153261e+02
600.000000 1.153139e+02
650.000000 1.153021e+02
700.000000 1.152905e+02
750.000000 1.152792e+02
800.000000 1.152682e+02
850.000000 1.152575e+02
900.000000 1.152470e+02
950.000000 1.152368e+02
1000.000000 1.152270e+02
1050.000000 1.152173e+02
1100.000000 1.152080e+02
1150.000000 1.151990e+02
1200.000000 1.151902e+02
1250.000000 1.151817e+02
1300.000000 1.151735e+02
1350.000000 1.151656e+02
1400.000000 1.151580e+02
1450.000000 1.151506e+02
1500.000000 1.151435e+02
1550.000000 1.151367e+02
1600.000000 1.151302e+02
1650.000000 1.151239e+02
1700.000000 1.151179e+02
1750.000000 1.151122e+02
1800.000000 1.151068e+02
1850.000000 1.151017e+02
1900.000000 1.150968e+02
1950.000000 1.150922e+02
2000.000000 1.150878e+02
2050.000000 1.150838e+02
2100.000000 1.150800e+02
2150.000000 1.150765e+02
2200.000000 1.150732e+02
2250.000000 1.150702e+02
2300.000000 1.150675e+02
2350.000000 1.150651e+02
2400.000000 1.150629e+02
2450.000000 1.150610e+02
2500.000000 1.150594e+02
2550.000000 1.150580e+02
2600.000000 1.150569e+02
2650.000000 1.150561e+02
2700.000000 1.150556e+02
2750.000000 1.150553e+02
2800.000000 1.150552e+02
2850.000000 1.150555e+02
2900.000000 1.150560e+02
2950.000000 1.150567e+02
3000.000000 1.150577e+02
3050.000000 1.150590e+02
3100.000000 1.150606e+02
3150.000000 1.150624e+02
3200.000000 1.150645e+02
3250.000000 1.150668e+02
3300.000000 1.150694e+02
3350.000000 1.150723e+02
3400.000000 1.150754e+02
3450.000000 1.150787e+02
3500.000000 1.150824e+02
3550.000000 1.150863e+02
3600.000000 1.150904e+02
3650.000000 1.150948e+02
3700.000000 1.150995e+02
3750.000000 1.151044e+02
3800.000000 1.151096e+02
3850.000000 1.151150e+02
3900.000000 1.151207e+02
3950.000000 1.151266e+02
4000.000000 1.151328e+02
4050.000000 1.151392e+02
4100.000000 1.151459e+02
4150.000000 1.151528e+02
4200.000000 1.151600e+02
4250.000000 1.151674e+02
4300.000000 1.151751e+02
4350.000000 1.151831e+02
4400.000000 1.151913e+02
4450.000000 1.151997e+02
4500.000000 1.152084e+02
4550.000000 1.152173e+02
4600.000000 1.152265e+02
4650.000000 1.152359e+02
4700.000000 1.152455e+02
4750.000000 1.152555e+02
4800.000000 1.152656e+02
4850.000000 1.152760e+02
4900.000000 1.152866e+02
4950.000000 1.152975e+02
5000.000000 1.153086e+02
5050.000000 1.153200e+02
5100.000000 1.153316e+02
5150.000000 1.153434e+02
5200.000000 1.153555e+02
5250.000000 1.153678e+02
5300.000000 1.153804e+02
5350.000000 1.153932e+02
5400.000000 1.154062e+02
5450.000000 1.154195e+02
5500.000000 1.154330e+02
5550.000000 1.154467e+02
5600.000000 1.154607e+02
5650.000000 1.154749e+02
5700.000000 1.154894e+02
5750.000000 1.155040e+02
5800.000000 1.155189e+02
5850.000000 1.155341e+02
5900.000000 1.155495e+02
5950.000000 1.155651e+02
6000.000000 1.155809e+02
6050.000000 1.155969e+02
6100.000000 1.156132e+02
6150.000000 1.156297e+02
6200.000000 1.156465e+02
6250.000000 1.156635e+02
6300.000000 1.156807e+02
6350.000000 1.156981e+02
6400.000000 1.157157e+02
6450.000000 1.157336e+02
6500.000000 1.157517e+02
6550.000000 1.157700e+02
6600.000000 1.157885e+02
6650.000000 1.158073e+02
6700.000000 1.158263e+02
6750.000000 1.158455e+02
6800.000000 1.158649e+02
6850.000000 1.158846e+02
6900.000000 1.159044e+02
6950.000000 1.159245e+02
7000.000000 1.159448e+02
7050.000000 1.159653e+02
7100.000000 1.159861e+02
7150.000000 1.160070e+02
7200.000000 1.160282e+02
7250.000000 1.160495e+02
7300.000000 1.160711e+02
7350.000000 1.160600e+02
7400.000000 1.160401e+02
7450.000000 1.160206e+02
7500.000000 1.160016e+02
7550.000000 1.159829e+02
7600.000000 1.159647e+02
7650.000000 1.159469e+02
7700.000000 1.159295e+02
7750.000000 1.159124e+02
7800.000000 1.158958e+02
7850.000000 1.158796e+02
7900.000000 1.158638e+02
7950.000000 1.158484e+02
8000.000000 1.158333e+02
8050.000000 1.158187e+02
8100.000000 1.158044e+02
8150.000000 1.157906e+02
8200.000000 1.157771e+02
8250.000000 1.157640e+02
8300.000000 1.157513e+02
8350.000000 1.157390e+02
8400.000000 1.157270e+02
8450.000000 1.157154e+02
8500.000000 1.157042e+02
8550.000000 1.156934e+02
8600.000000 1.156829e+02
8650.000000 1.156728e+02
8700.000000 1.156631e+02
8750.000000 1.156538e+02
8800.000000 1.156448e+02
8850.000000 1.156779e+02
8900.000000 1.157385e+02
8950.000000 1.158003e+02
9000.000000 1.158632e+02
9050.000000 1.159274e+02
9100.000000 1.159926e+02
9150.000000 1.160590e+02
9200.000000 1.161265e+02
9250.000000 1.161951e+02
9300.000000 1.162648e+02
9350.000000 1.163357e+02
9400.000000 1.164075e+02
9450.000000 1.164805e+02
9500.000000 1.165545e+02
9550.000000 1.166296e+02
9600.000000 1.167057e+02
9650.000000 1.167829e+02
9700.000000 1.168610e+02
9750.000000 1.169402e+02
9800.000000 1.170204e+02
9850.000000 1.171016e+02
9900.000000 1.171837e+02
9950.000000 1.172669e+02
10000.000000 1.173509e+02
10050.000000 1.174360e+02
10100.000000 1.175220e+02
10150.000000 1.176089e+02
10200.000000 1.176967e+02
10250.000000 1.177855e+02
10300.000000 1.178752e+02
10350.000000 1.179217e+02
10400.000000 1.179124e+02
10450.000000 1.179034e+02
10500.000000 1.178945e+02
10550.000000 1.178859e+02
10600.000000 1.178776e+02
10650.000000 1.178694e+02
10700.000000 1.178615e+02
10750.000000 1.178537e+02
10800.000000 1.178462e+02
10850.000000 1.178390e+02
10900.000000 1.178319e+02
10950.000000 1.178250e+02
11000.000000 1.178184e+02
11050.000000 1.178120e+02
11100.000000 1.178058e+02
11150.000000 1.177998e+02
11200.000000 1.177940e+02
11250.000000 1.177884e+02
11300.000000 1.177830e+02
11350.000000 1.177779e+02
11400.000000 1.177729e+02
11450.000000 1.177681e+02
11500.000000 1.177636e+02
11550.000000 1.177592e+02
11600.000000 1.177551e+02
11650.000000 1.177511e+02
11700.000000 1.177474e+02
11750.000000 1.177438e+02
11800.000000 1.177404e+02
11850.000000 1.177373e+02
11900.000000 1.177343e+02
11950.000000 1.177315e+02
12000.000000 1.177290e+02
12050.000000 1.177266e+02
12100.000000 1.177244e+02
12150.000000 1.177224e+02
12200.000000 1.177205e+02
12250.000000 1.177189e+02
12300.000000 1.177175e+02
12350.000000 1.177162e+02
12400.000000 1.177151e+02
12450.000000 1.177142e+02
12500.000000 1.177135e+02
12550.000000 1.177130e+02
12600.000000 1.177127e+02
12650.000000 1.177125e+02
12700.000000 1.177125e+02
12750.000000 1.177127e+02
12800.000000 1.177131e+02
12850.000000 1.177136e+02
12900.000000 1.177143e+02
12950.000000 1.177152e+02
13000.000000 1.177163e+02
13050.000000 1.177176e+02
13100.000000 1.177190e+02
13150.000000 1.177206e+02
13200.000000 1.177223e+02
13250.000000 1.177242e+02
13300.000000 1.177263e+02
13350.000000 1.177286e+02
13400.000000 1.177310e+02
13450.000000 1.177336e+02
13500.000000 1.177364e+02
13550.000000 1.177393e+02
13600.000000 1.177424e+02
13650.000000 1.177456e+02
13700.000000 1.177490e+02
13750.000000 1.177526e+02
13800.000000 1.177563e+02
13850.000000 1.177602e+02
13900.000000 1.177642e+02
13950.000000 1.177751e+02
14000.000000 1.177932e+02
14050.000000 1.178116e+02
14100.000000 1.178303e+02
14150.000000 1.178494e+02
14200.000000 1.178688e+02
14250.000000 1.178885e+02
14300.000000 1.179085e+02
14350.000000 1.179289e+02
14400.000000 1.179496e+02
14450.000000 1.179706e+02
14500.000000 1.179919e+02
14550.000000 1.180135e+02
14600.000000 1.180354e+02
14650.000000 1.180576e+02
14700.000000 1.180801e+02
14750.000000 1.181029e+02
14800.000000 1.181260e+02
14850.000000 1.181494e+02
14900.000000 1.181731e+02
14950.000000 1.181971e+02
15000.000000 1.182213e+02
15050.000000 1.182459e+02
15100.000000 1.182707e+02
15150.000000 1.182958e+02
15200.000000 1.183211e+02
15250.000000 1.183468e+02
15300.000000 1.183727e+02
15350.000000 1.183988e+02
15400.000000 1.184253e+02
15450.000000 1.184520e+02
15500.000000 1.184789e+02
15550.000000 1.185062e+02
15600.000000 1.185336e+02
15650.000000 1.185614e+02
15700.000000 1.185893e+02
15750.000000 1.186176e+02
15800.000000 1.186460e+02
15850.000000 1.186747e+02
15900.000000 1.187037e+02
15950.000000 1.187329e+02
16000.000000 1.187623e+02
16050.000000 1.187920e+02
16100.000000 1.188219e+02
16150.000000 1.188520e+02
16200.000000 1.188823e+02
16250.000000 1.189118e+02
16300.000000 1.189280e+02
16350.000000 1.189444e+02
16400.000000 1.189609e+02
16450.000000 1.189775e+02
16500.000000 1.189943e+02
16550.000000 1.190113e+02
16600.000000 1.190284e+02
16650.000000 1.190457e+02
16700.000000 1.190631e+02
16750.000000 1.190807e+02
16800.000000 1.190985e+02
16850.000000 1.191163e+02
16900.000000 1.191344e+02
16950.000000 1.191525e+02
17000.000000 1.191709e+02
17050.000000 1.191893e+02
17100.000000 1.192079e+02
17150.000000 1.192267e+02
17200.000000 1.192456e+02
17250.000000 1.192646e+02
17300.000000 1.192838e+02
17350.000000 1.193031e+02
17400.000000 1.193225e+02
17450.000000 1.193421e+02
17500.000000 1.193618e+02
17550.000000 1.193817e+02
17600.000000 1.194016e+02
17650.000000 1.194217e+02
17700.000000 1.194420e+02
17750.000000 1.194623e+02
17800.000000 1.194828e+02
17850.000000 1.195035e+02
17900.000000 1.195242e+02
17950.000000 1.195451e+02
18000.000000 1.195661e+02
18050.000000 1.195872e+02
18100.000000 1.196085e+02
18150.000000 1.196298e+02
18200.000000 1.196513e+02
18250.000000 1.196729e+02
18300.000000 1.196947e+02
18350.000000 1.197165e+02
18400.000000 1.197385e+02
18450.000000 1.197605e+02
18500.000000 1.197827e+02
18550.000000 1.198050e+02
18600.000000 1.198275e+02
18650.000000 1.198500e+02
18700.000000 1.198726e+02
18750.000000 1.198954e+02
18800.000000 1.199182e+02
18850.000000 1.199412e+02
18900.000000 1.199643e+02
18950.000000 1.199875e+02
19000.000000 1.200108e+02
19050.000000 1.200342e+02
19100.000000 1.200577e+02
19150.000000 1.200813e+02
19200.000000 1.201050e+02
19250.000000 1.201288e+02
19300.000000 1.201527e+02
19350.000000 1.201767e+02
19400.000000 1.202008e+02
19450.000000 1.202250e+02
19500.000000 1.202493e+02
19550.000000 1.202737e+02
19600.000000 1.202982e+02
19650.000000 1.203228e+02
19700.000000 1.203475e+02
19750.000000 1.203722e+02
19800.000000 1.203971e+02
19850.000000 1.204221e+02
19900.000000 1.204471e+02
19950.000000 1.204723e+02
20000.000000 1.204975e+02
20050.000000 1.205228e+02
20100.000000 1.205482e+02
20150.000000 1.205737e+02
20200.000000 1.205993e+02
20250.000000 1.206250e+02
20300.000000 1.206507e+02
20350.000000 1.206765e+02
20400.000000 1.207025e+02
20450.000000 1.207285e+02
20500.000000 1.207545e+02
20550.000000 1.207807e+02
20600.000000 1.208070e+02
20650.000000 1.208333e+02
20700.000000 1.208597e+02
20750.000000 1.208862e+02
20800.000000 1.209127e+02
20850.000000 1.209394e+02
20900.000000 1.209661e+02
20950.000000 1.209929e+02
21000.000000 1.210197e+02
21050.000000 1.210467e+02
21100.000000 1.210737e+02
21150.000000 1.211008e+02
21200.000000 1.211279e+02
21250.000000 1.211552e+02
21300.000000 1.211825e+02
21350.000000 1.212098e+02
21400.000000 1.212373e+02
21450.000000 1.212648e+02
21500.000000 1.212924e+02
21550.000000 1.213200e+02
21600.000000 1.213477e+02
21650.000000 1.213755e+02
21700.000000 1.214033e+02
21750.000000 1.214312e+02
21800.000000 1.214592e+02
21850.000000 1.214873e+02
21900.000000 1.215154e+02
21950.000000 1.215435e+02
22000.000000 1.215717e+02
22050.000000 1.216009e+02
22100.000000 1.216588e+02
22150.000000 1.217167e+02
22200.000000 1.217748e+02
22250.000000 1.218328e+02
22300.000000 1.218910e+02
22350.000000 1.219492e+02
22400.000000 1.220074e+02
22450.000000 1.220657e+02
22500.000000 1.221240e+02
22550.000000 1.221824e+02
22600.000000 1.222408e+02
22650.000000 1.222993e+02
22700.000000 1.223578e+02
22750.000000 1.224164e+02
22800.000000 1.224750e+02
22850.000000 1.225337e+02
22900.000000 1.225924e+02
22950.000000 1.226511e+02
23000.000000 1.227099e+02
23050.000000 1.227687e+02
23100.000000 1.228276e+02
23150.000000 1.228865e+02
23200.000000 1.229454e+02
23250.000000 1.230044e+02
23300.000000 1.230634e+02
23350.000000 1.231224e+02
23400.000000 1.231815e+02
23450.000000 1.232406e+02
23500.000000 1.232997e+02
23550.000000 1.233589e+02
23600.000000 1.234181e+02
23650.000000 1.234774e+02
23700.000000 1.235366e+02
23750.000000 1.235959e+02
23800.000000 1.236553e+02
23850.000000 1.237146e+02
23900.000000 1.237740e+02
23950.000000 1.238334e+02
24000.000000 1.238928e+02
24050.000000 1.239523e+02
24100.000000 1.240117e+02
24150.000000 1.240712e+02
24200.000000 1.241308e+02
24250.000000 1.241903e+02
24300.000000 1.242499e+02
24350.000000 1.243095e+02
24400.000000 1.243691e+02
24450.000000 1.244287e+02
24500.000000 1.244883e+02
24550.000000 1.245480e+02
24600.000000 1.246077e+02
24650.000000 1.246674e+02
24700.000000 1.247271e+02
24750.000000 1.247868e+02
24800.000000 1.248465e+02
24850.000000 1.249063e+02
24900.000000 1.249661e+02
24950.000000 1.250258e+02
25000.000000 1.250856e+02
25050.000000 1.251454e+02
25100.000000 1.252052e+02
25150.000000 1.252651e+02
25200.000000 1.253249e+02
25250.000000 1.253847e+02
25300.000000 1.254446e+02
25350.000000 1.255044e+02
25400.000000 1.255643e+02
25450.000000 1.256242e+02
25500.000000 1.256841e+02
25550.000000 1.257439e+02
25600.000000 1.258038e+02
25650.000000 1.258637e+02
25700.000000 1.259236e+02
25750.000000 1.259835e+02
25800.000000 1.260434e+02
25850.000000 1.261033e+02
25900.000000 1.261632e+02
25950.000000 1.262231e+02
26000.000000 1.262830e+02
26050.000000 1.263430e+02
26100.000000 1.264029e+02
26150.000000 1.264628e+02
26200.000000 1.265227e+02
26250.000000 1.265826e+02
26300.000000 1.266425e+02
26350.000000 1.267024e+02
26400.000000 1.267623e+02
26450.000000 1.268222e+02
26500.000000 1.268821e+02
26550.000000 1.269419e+02
26600.000000 1.270018e+02
26650.000000 1.270617e+02
26700.000000 1.271216e+02
26750.000000 1.271814e+02
26800.000000 1.272413e+02
26850.000000 1.273011e+02
26900.000000 1.273609e+02
26950.000000 1.274208e+02
27000.000000 1.274806e+02
27050.000000 1.275404e+02
27100.000000 1.276002e+02
27150.000000 1.276600e+02
27200.000000 1.277198e+02
27250.000000 1.277796e+02
27300.000000 1.278393e+02
27350.000000 1.278991e+02
27400.000000 1.279588e+02
27450.000000 1.280185e+02
27500.000000 1.280782e+02
27550.000000 1.281379e+02
27600.000000 1.281976e+02
27650.000000 1.282573e+02
27700.000000 1.283169e+02
27750.000000 1.283766e+02
27800.000000 1.284362e+02
27850.000000 1.284958e+02
27900.000000 1.285336e+02
27950.000000 1.285709e+02
28000.000000 1.286083e+02
28050.000000 1.286456e+02
28100.000000 1.286830e+02
28150.000000 1.287203e+02
28200.000000 1.287577e+02
28250.000000 1.287950e+02
28300.000000 1.288323e+02
28350.000000 1.288697e+02
28400.000000 1.289070e+02
28450.000000 1.289443e+02
28500.000000 1.289816e+02
28550.000000 1.290189e+02
28600.000000 1.290562e+02
28650.000000 1.290934e+02
28700.000000 1.291307e+02
28750.000000 1.291680e+02
28800.000000 1.292052e+02
28850.000000 1.292425e+02
28900.000000 1.292797e+02
28950.000000 1.293169e+02
29000.000000 1.293542e+02
29050.000000 1.293914e+02
29100.000000 1.294286e+02
29150.000000 1.294658e+02
29200.000000 1.295030e+02
29250.000000 1.295402e+02
29300.000000 1.295774e+02
29350.000000 1.296145e+02
29400.000000 1.296517e+02
29450.000000 1.296888e+02
29500.000000 1.297260e+02
29550.000000 1.297631e+02
29600.000000 1.298002e+02
29650.000000 1.298374e+02
29700.000000 1.298745e+02
29750.000000 1.299116e+02
29800.000000 1.299486e+02
29850.000000 1.299857e+02
29900.000000 1.300228e+02
29950.000000 1.300598e+02
30000.000000 1.300969e+02
30050.000000 1.301339e+02
30100.000000 1.301710e+02
30150.000000 1.302080e+02
30200.000000 1.302450e+02
30250.000000 1.302820e+02
30300.000000 1.303190e+02
30350.000000 1.303560e+02
30400.000000 1.303929e+02
30450.000000 1.304299e+02
30500.000000 1.304668e+02
30550.000000 1.305038e+02
30600.000000 1.305407e+02
30650.000000 1.305776e+02
30700.000000 1.306145e+02
30750.000000 1.306514e+02
30800.000000 1.306883e+02
30850.000000 1.307252e+02
30900.000000 1.307620e+02
30950.000000 1.307989e+02
31000.000000 1.308357e+02
31050.000000 1.308725e+02
31100.000000 1.309093e+02
31150.000000 1.309462e+02
31200.000000 1.309829e+02
31250.000000 1.310197e+02
31300.000000 1.310565e+02
31350.000000 1.310926e+02
31400.000000 1.311275e+02
31450.000000 1.311625e+02
31500.000000 1.311974e+02
31550.000000 1.312323e+02
31600.000000 1.312672e+02
31650.000000 1.313021e+02
31700.000000 1.313370e+02
31750.000000 1.313719e+02
31800.000000 1.314068e+02
31850.000000 1.314417e+02
31900.000000 1.314765e+02
31950.000000 1.315114e+02
32000.000000 1.315462e+02
32050.000000 1.315811e+02
32100.000000 1.316159e+02
32150.000000 1.316507e+02
32200.000000 1.316856e+02
32250.000000 1.317204e+02
32300.000000 1.317552e+02
32350.000000 1.317900e+02
32400.000000 1.318248e+02
32450.000000 1.318595e+02
32500.000000 1.318943e+02
32550.000000 1.319291e+02
32600.000000 1.319638e+02
32650.000000 1.319985e+02
32700.000000 1.320333e+02
32750.000000 1.320680e+02
32800.000000 1.321027e+02
32850.000000 1.321374e+02
32900.000000 1.321721e+02
32950.000000 1.322068e+02
33000.000000 1.322414e+02
33050.000000 1.322761e+02
33100.000000 1.323107e+02
33150.000000 1.323454e+02
33200.000000 1.323800e+02
33250.000000 1.324146e+02
33300.000000 1.324492e+02
33350.000000 1.324838e+02
33400.000000 1.325183e+02
33450.000000 1.325529e+02
33500.000000 1.325875e+02
33550.000000 1.326220e+02
33600.000000 1.326565e+02
33650.000000 1.326910e+02
33700.000000 1.327255e+02
33750.000000 1.327600e+02
33800.000000 1.327945e+02
33850.000000 1.328290e+02
33900.000000 1.328634e+02
33950.000000 1.328978e+02
34000.000000 1.329323e+02
34050.000000 1.329667e+02
34100.000000 1.330011e+02
34150.000000 1.330354e+02
34200.000000 1.330698e+02
34250.000000 1.331041e+02
34300.000000 1.331385e+02
34350.000000 1.331728e+02
34400.000000 1.332071e+02
34450.000000 1.332414e+02
34500.000000 1.332757e+02
34550.000000 1.333099e+02
34600.000000 1.333442e+02
34650.000000 1.333784e+02
34700.000000 1.334126e+02
34750.000000 1.334468e+02
34800.000000 1.334810e+02
34850.000000 1.335152e+02
34900.000000 1.335494e+02
34950.000000 1.335835e+02
35000.000000 1.336176e+02
35050.000000 1.336517e+02
35100.000000 1.336858e+02
35150.000000 1.337199e+02
35200.000000 1.337540e+02
35250.000000 1.337880e+02
35300.000000 1.338220e+02
35350.000000 1.338561e+02
35400.000000 1.338900e+02
35450.000000 1.339240e+02
35500.000000 1.339580e+02
35550.000000 1.339919e+02
35600.000000 1.340259e+02
35650.000000 1.340598e+02
35700.000000 1.340937e+02
35750.000000 1.341275e+02
35800.000000 1.341614e+02
35850.000000 1.341952e+02
35900.000000 1.342291e+02
35950.000000 1.342629e+02
36000.000000 1.342967e+02
36050.000000 1.343304e+02
36100.000000 1.343642e+02
36150.000000 1.343979e+02
36200.000000 1.344316e+02
36250.000000 1.344653e+02
36300.000000 1.344990e+02
36350.000000 1.345327e+02
36400.000000 1.345663e+02
36450.000000 1.345999e+02
36500.000000 1.346335e+02
36550.000000 1.346671e+02
36600.000000 1.347007e+02
36650.000000 1.347343e+02
36700.000000 1.347678e+02
36750.000000 1.348013e+02
36800.000000 1.348348e+02
36850.000000 1.348683e+02
36900.000000 1.349017e+02
36950.000000 1.349352e+02
37000.000000 1.349686e+02
37050.000000 1.350020e+02
37100.000000 1.350354e+02
37150.000000 1.350687e+02
37200.000000 1.351021e+02
37250.000000 1.351354e+02
37300.000000 1.351687e+02
37350.000000 1.352020e+02
37400.000000 1.352352e+02
37450.000000 1.352685e+02
37500.000000 1.353017e+02
37550.000000 1.353349e+02
37600.000000 1.353681e+02
37650.000000 1.354012e+02
37700.000000 1.354344e+02
37750.000000 1.354675e+02
37800.000000 1.355006e+02
37850.000000 1.355337e+02
37900.000000 1.355667e+02
37950.000000 1.355998e+02
38000.000000 1.356328e+02
38050.000000 1.356658e+02
38100.000000 1.356988e+02
38150.000000 1.357317e+02
38200.000000 1.357647e+02
38250.000000 1.357976e+02
38300.000000 1.358305e+02
38350.000000 1.358633e+02
38400.000000 1.358962e+02
38450.000000 1.359290e+02
38500.000000 1.359618e+02
38550.000000 1.359946e+02
38600.000000 1.360274e+02
38650.000000 1.360601e+02
38700.000000 1.360928e+02
38750.000000 1.361256e+02
38800.000000 1.361582e+02
38850.000000 1.361909e+02
38900.000000 1.362235e+02
38950.000000 1.362561e+02
39000.000000 1.362887e+02
39050.000000 1.363213e+02
39100.000000 1.363539e+02
39150.000000 1.363864e+02
39200.000000 1.364189e+02
39250.000000 1.364514e+02
39300.000000 1.364839e+02
39350.000000 1.365163e+02
39400.000000 1.365487e+02
39450.000000 1.365811e+02
39500.000000 1.366241e+02
39550.000000 1.366684e+02
39600.000000 1.367126e+02
39650.000000 1.367568e+02
39700.000000 1.368009e+02
39750.000000 1.368451e+02
39800.000000 1.368892e+02
39850.000000 1.369332e+02
39900.000000 1.369773e+02
39950.000000 1.370213e+02
40000.000000 1.370652e+02
40050.000000 1.371092e+02
40100.000000 1.371531e+02
40150.000000 1.371969e+02
40200.000000 1.372408e+02
40250.000000 1.372846e+02
40300.000000 1.373284e+02
40350.000000 1.373721e+02
40400.000000 1.374158e+02
40450.000000 1.374595e+02
40500.000000 1.375031e+02
40550.000000 1.375468e+02
40600.000000 1.375903e+02
40650.000000 1.376339e+02
40700.000000 1.376774e+02
40750.000000 1.377209e+02
40800.000000 1.377643e+02
40850.000000 1.378078e+02
40900.000000 1.378512e+02
40950.000000 1.378945e+02
41000.000000 1.379378e+02
41050.000000 1.379811e+02
41100.000000 1.380244e+02
41150.000000 1.380676e+02
41200.000000 1.381108e+02
41250.000000 1.381540e+02
41300.000000 1.381971e+02
41350.000000 1.382402e+02
41400.000000 1.382833e+02
41450.000000 1.383263e+02
41500.000000 1.383693e+02
41550.000000 1.384123e+02
41600.000000 1.384553e+02
41650.000000 1.384982e+02
41700.000000 1.385410e+02
41750.000000 1.385839e+02
41800.000000 1.386267e+02
41850.000000 1.386695e+02
41900.000000 1.387122e+02
41950.000000 1.387549e+02
42000.000000 1.387976e+02
42050.000000 1.388403e+02
42100.000000 1.388829e+02
42150.000000 1.389255e+02
42200.000000 1.389680e+02
42250.000000 1.390106e+02
42300.000000 1.390530e+02
42350.000000 1.390955e+02
42400.000000 1.391379e+02
42450.000000 1.391803e+02
42500.000000 1.392227e+02
42550.000000 1.392650e+02
42600.000000 1.393073e+02
42650.000000 1.393496e+02
42700.000000 1.393918e+02
42750.000000 1.394340e+02
42800.000000 1.394762e+02
42850.000000 1.395183e+02
42900.000000 1.395604e+02
42950.000000 1.396025e+02
43000.000000 1.396445e+02
43050.000000 1.396865e+02
43100.000000 1.397285e+02
43150.000000 1.397704e+02
43200.000000 1.398123e+02
43250.000000 1.398542e+02
43300.000000 1.398961e+02
43350.000000 1.399379e+02
43400.000000 1.399797e+02
43450.000000 1.400214e+02
43500.000000 1.400631e+02
43550.000000 1.401048e+02
43600.000000 1.401465e+02
43650.000000 1.401881e+02
43700.000000 1.402297e+02
43750.000000 1.402712e+02
43800.000000 1.403127e+02
43850.000000 1.403542e+02
43900.000000 1.403957e+02
43950.000000 1.404371e+02
44000.000000 1.404785e+02
44050.000000 1.405199e+02
44100.000000 1.405612e+02
44150.000000 1.406025e+02
44200.000000 1.406438e+02
44250.000000 1.406850e+02
44300.000000 1.407262e+02
44350.000000 1.407674e+02
44400.000000 1.408085e+02
44450.000000 1.408496e+02
44500.000000 1.408907e+02
44550.000000 1.409317e+02
44600.000000 1.409727e+02
44650.000000 1.410137e+02
44700.000000 1.410546e+02
44750.000000 1.410955e+02
44800.000000 1.411364e+02
44850.000000 1.411773e+02
44900.000000 1.412181e+02
44950.000000 1.412589e+02
45000.000000 1.412996e+02
45050.000000 1.413403e+02
45100.000000 1.413810e+02
45150.000000 1.414217e+02
45200.000000 1.414623e+02
45250.000000 1.415029e+02
45300.000000 1.415434e+02
45350.000000 1.415840e+02
45400.000000 1.416245e+02
45450.000000 1.416649e+02
45500.000000 1.417054e+02
45550.000000 1.417458e+02
45600.000000 1.417861e+02
45650.000000 1.418265e+02
45700.000000 1.418668e+02
45750.000000 1.419070e+02
45800.000000 1.419473e+02
45850.000000 1.419875e+02
45900.000000 1.420277e+02
45950.000000 1.420678e+02
46000.000000 1.421079e+02
46050.000000 1.421480e+02
46100.000000 1.421880e+02
46150.000000 1.422280e+02
46200.000000 1.422680e+02
46250.000000 1.423080e+02
46300.000000 1.423479e+02
46350.000000 1.423878e+02
46400.000000 1.424276e+02
46450.000000 1.424675e+02
46500.000000 1.425073e+02
46550.000000 1.425470e+02
46600.000000 1.425868e+02
46650.000000 1.426265e+02
46700.000000 1.426661e+02
46750.000000 1.427058e+02
46800.000000 1.427454e+02
46850.000000 1.427849e+02
46900.000000 1.428245e+02
46950.000000 1.428640e+02
47000.000000 1.429035e+02
47050.000000 1.429429e+02
47100.000000 1.429823e+02
47150.000000 1.430217e+02
47200.000000 1.430610e+02
47250.000000 1.431004e+02
47300.000000 1.431396e+02
47350.000000 1.431789e+02
47400.000000 1.432181e+02
47450.000000 1.432573e+02
47500.000000 1.432965e+02
47550.000000 1.433356e+02
47600.000000 1.433747e+02
47650.000000 1.434138e+02
47700.000000 1.434528e+02
47750.000000 1.434918e+02
47800.000000 1.435308e+02
47850.000000 1.435697e+02
47900.000000 1.436086e+02
47950.000000 1.436475e+02
48000.000000 1.436864e+02
48050.000000 1.437252e+02
48100.000000 1.437640e+02
48150.000000 1.438027e+02
48200.000000 1.438414e+02
48250.000000 1.438801e+02
48300.000000 1.439188e+02
48350.000000 1.439574e+02
48400.000000 1.439960e+02
48450.000000 1.440346e+02
48500.000000 1.440731e+02
48550.000000 1.441116e+02
48600.000000 1.441501e+02
48650.000000 1.441885e+02
48700.000000 1.442269e+02
48750.000000 1.442653e+02
48800.000000 1.443036e+02
48850.000000 1.443420e+02
48900.000000 1.443802e+02
48950.000000 1.444185e+02
49000.000000 1.444567e+02
49050.000000 1.444949e+02
49100.000000 1.445331e+02
49150.000000 1.445712e+02
49200.000000 1.446093e+02
49250.000000 1.446474e+02
49300.000000 1.446854e+02
49350.000000 1.447234e+02
49400.000000 1.447614e+02
49450.000000 1.447993e+02
49500.000000 1.448373e+02
49550.000000 1.448751e+02
49600.000000 1.449130e+02
49650.000000 1.449508e+02
49700.000000 1.449886e+02
49750.000000 1.450264e+02
49800.000000 1.450641e+02
49850.000000 1.451018e+02
49900.000000 1.451395e+02
49950.000000 1.451771e+02
50000.000000 1.452147e+02
50050.000000 1.452523e+02
50100.000000 1.452898e+02
50150.000000 1.453273e+02
50200.000000 1.453648e+02
50250.000000 1.454023e+02
