1000
300.000000 9.786896e-01
350.000000 9.782784e-01
400.000000 9.778530e-01
450.000000 9.774281e-01
500.000000 9.770036e-01
550.000000 9.765796e-01
600.000000 9.761560e-01
650.000000 9.757329e-01
700.000000 9.753103e-01
750.000000 9.748881e-01
800.000000 9.744664e-01
850.000000 9.740451e-01
900.000000 9.736243e-01
950.000000 9.732039e-01
1000.000000 9.727840e-01
1050.000000 9.723646e-01
1100.000000 9.719456e-01
1150.000000 9.715271e-01
1200.000000 9.711091e-01
1250.000000 9.706915e-01
1300.000000 9.702744e-01
1350.000000 9.698577e-01
1400.000000 9.694415e-01
1450.000000 9.690257e-01
1500.000000 9.686104e-01
1550.000000 9.681956e-01
1600.000000 9.677812e-01
1650.000000 9.673673e-01
1700.000000 9.669538e-01
1750.000000 9.665408e-01
1800.000000 9.661283e-01
1850.000000 9.657162e-01
1900.000000 9.653046e-01
1950.000000 9.648935e-01
2000.000000 9.644828e-01
2050.000000 9.640725e-01
2100.000000 9.636627e-01
2150.000000 9.632534e-01
2200.000000 9.628446e-01
2250.000000 9.624362e-01
2300.000000 9.620282e-01
2350.000000 9.616207e-01
2400.000000 9.612137e-01
2450.000000 9.608072e-01
2500.000000 9.604011e-01
2550.000000 9.599954e-01
2600.000000 9.595903e-01
2650.000000 9.591855e-01
2700.000000 9.587813e-01
2750.000000 9.583775e-01
2800.000000 9.579741e-01
2850.000000 9.575713e-01
2900.000000 9.571688e-01
2950.000000 9.567669e-01
3000.000000 9.563654e-01
3050.000000 9.559643e-01
3100.000000 9.555638e-01
3150.000000 9.551636e-01
3200.000000 9.547640e-01
3250.000000 9.543648e-01
3300.000000 9.539660e-01
3350.000000 9.535677e-01
3400.000000 9.531699e-01
3450.000000 9.527726e-01
3500.000000 9.523757e-01
3550.000000 9.519792e-01
3600.000000 9.515832e-01
3650.000000 9.511877e-01
3700.000000 9.507926e-01
3750.000000 9.503980e-01
3800.000000 9.500039e-01
3850.000000 9.496102e-01
3900.000000 9.492169e-01
3950.000000 9.488242e-01
4000.000000 9.484319e-01
4050.000000 9.480400e-01
4100.000000 9.476486e-01
4150.000000 9.472577e-01
4200.000000 9.468672e-01
4250.000000 9.464772e-01
4300.000000 9.460876e-01
4350.000000 9.456985e-01
4400.000000 9.453099e-01
4450.000000 9.449217e-01
4500.000000 9.445339e-01
4550.000000 9.441467e-01
4600.000000 9.437598e-01
4650.000000 9.433735e-01
4700.000000 9.429876e-01
4750.000000 9.426021e-01
4800.000000 9.422172e-01
4850.000000 9.418326e-01
4900.000000 9.414486e-01
4950.000000 9.410650e-01
5000.000000 9.406818e-01
5050.000000 9.402991e-01
5100.000000 9.399169e-01
5150.000000 9.395351e-01
5200.000000 9.391537e-01
5250.000000 9.387729e-01
5300.000000 9.383924e-01
5350.000000 9.380125e-01
5400.000000 9.376330e-01
5450.000000 9.372539e-01
5500.000000 9.368753e-01
5550.000000 9.364972e-01
5600.000000 9.361195e-01
5650.000000 9.357423e-01
5700.000000 9.353655e-01
5750.000000 9.349892e-01
5800.000000 9.346133e-01
5850.000000 9.342379e-01
5900.000000 9.338630e-01
5950.000000 9.334885e-01
6000.000000 9.331144e-01
6050.000000 9.327408e-01
6100.000000 9.323677e-01
6150.000000 9.319950e-01
6200.000000 9.316228e-01
6250.000000 9.312510e-01
6300.000000 9.308797e-01
6350.000000 9.305088e-01
6400.000000 9.301384e-01
6450.000000 9.297684e-01
6500.000000 9.293989e-01
6550.000000 9.290299e-01
6600.000000 9.286612e-01
6650.000000 9.282931e-01
6700.000000 9.279254e-01
6750.000000 9.275581e-01
6800.000000 9.271913e-01
6850.000000 9.268250e-01
6900.000000 9.264591e-01
6950.000000 9.260936e-01
7000.000000 9.257286e-01
7050.000000 9.253641e-01
7100.000000 9.250000e-01
7150.000000 9.246363e-01
7200.000000 9.242731e-01
7250.000000 9.239104e-01
7300.000000 9.235481e-01
7350.000000 9.231420e-01
7400.000000 9.227247e-01
7450.000000 9.223083e-01
7500.000000 9.218930e-01
7550.000000 9.214786e-01
7600.000000 9.210653e-01
7650.000000 9.206529e-01
7700.000000 9.202416e-01
7750.000000 9.198312e-01
7800.000000 9.194218e-01
7850.000000 9.190134e-01
7900.000000 9.186060e-01
7950.000000 9.181995e-01
8000.000000 9.177940e-01
8050.000000 9.173895e-01
8100.000000 9.169860e-01
8150.000000 9.165834e-01
8200.000000 9.161818e-01
8250.000000 9.157812e-01
8300.000000 9.153815e-01
8350.000000 9.149828e-01
8400.000000 9.145850e-01
8450.000000 9.141882e-01
8500.000000 9.137923e-01
8550.000000 9.133974e-01
8600.000000 9.130034e-01
8650.000000 9.126104e-01
8700.000000 9.122183e-01
8750.000000 9.118271e-01
8800.000000 9.114369e-01
8850.000000 9.107707e-01
8900.000000 9.099310e-01
8950.000000 9.090942e-01
9000.000000 9.082602e-01
9050.000000 9.074290e-01
9100.000000 9.066008e-01
9150.000000 9.057753e-01
9200.000000 9.049527e-01
9250.000000 9.041330e-01
9300.000000 9.033160e-01
9350.000000 9.025019e-01
9400.000000 9.016905e-01
9450.000000 9.008820e-01
9500.000000 9.000763e-01
9550.000000 8.992734e-01
9600.000000 8.984732e-01
9650.000000 8.976758e-01
9700.000000 8.968812e-01
9750.000000 8.960893e-01
9800.000000 8.953002e-01
9850.000000 8.945138e-01
9900.000000 8.937302e-01
9950.000000 8.929493e-01
10000.000000 8.921711e-01
10050.000000 8.913956e-01
10100.000000 8.906228e-01
10150.000000 8.898528e-01
10200.000000 8.890854e-01
10250.000000 8.883207e-01
10300.000000 8.875586e-01
10350.000000 8.870142e-01
10400.000000 8.867449e-01
10450.000000 8.864763e-01
10500.000000 8.862082e-01
10550.000000 8.859408e-01
10600.000000 8.856740e-01
10650.000000 8.854077e-01
10700.000000 8.851421e-01
10750.000000 8.848771e-01
10800.000000 8.846126e-01
10850.000000 8.843487e-01
10900.000000 8.840855e-01
10950.000000 8.838228e-01
11000.000000 8.835607e-01
11050.000000 8.832992e-01
11100.000000 8.830382e-01
11150.000000 8.827779e-01
11200.000000 8.825181e-01
11250.000000 8.822589e-01
11300.000000 8.820003e-01
11350.000000 8.817423e-01
11400.000000 8.814848e-01
11450.000000 8.812279e-01
11500.000000 8.809716e-01
11550.000000 8.807158e-01
11600.000000 8.804606e-01
11650.000000 8.802060e-01
11700.000000 8.799519e-01
11750.000000 8.796984e-01
11800.000000 8.794455e-01
11850.000000 8.791931e-01
11900.000000 8.789413e-01
11950.000000 8.786900e-01
12000.000000 8.784393e-01
12050.000000 8.781891e-01
12100.000000 8.779395e-01
12150.000000 8.776904e-01
12200.000000 8.774419e-01
12250.000000 8.771939e-01
12300.000000 8.769465e-01
12350.000000 8.766996e-01
12400.000000 8.764533e-01
12450.000000 8.762074e-01
12500.000000 8.759622e-01
12550.000000 8.757174e-01
12600.000000 8.754732e-01
12650.000000 8.752296e-01
12700.000000 8.749865e-01
12750.000000 8.747439e-01
12800.000000 8.745018e-01
12850.000000 8.742602e-01
12900.000000 8.740192e-01
12950.000000 8.737787e-01
13000.000000 8.735388e-01
13050.000000 8.732993e-01
13100.000000 8.730604e-01
13150.000000 8.728220e-01
13200.000000 8.725841e-01
13250.000000 8.723467e-01
13300.000000 8.721099e-01
13350.000000 8.718735e-01
13400.000000 8.716377e-01
13450.000000 8.714024e-01
13500.000000 8.711676e-01
13550.000000 8.709333e-01
13600.000000 8.706995e-01
13650.000000 8.704662e-01
13700.000000 8.702334e-01
13750.000000 8.700011e-01
13800.000000 8.697693e-01
13850.000000 8.695380e-01
13900.000000 8.693072e-01
13950.000000 8.690084e-01
14000.000000 8.686395e-01
14050.000000 8.682719e-01
14100.000000 8.679054e-01
14150.000000 8.675401e-01
14200.000000 8.671759e-01
14250.000000 8.668128e-01
14300.000000 8.664510e-01
14350.000000 8.660902e-01
14400.000000 8.657306e-01
14450.000000 8.653721e-01
14500.000000 8.650148e-01
14550.000000 8.646586e-01
14600.000000 8.643035e-01
14650.000000 8.639495e-01
14700.000000 8.635966e-01
14750.000000 8.632448e-01
14800.000000 8.628941e-01
14850.000000 8.625445e-01
14900.000000 8.621960e-01
14950.000000 8.618486e-01
15000.000000 8.615023e-01
15050.000000 8.611571e-01
15100.000000 8.608129e-01
15150.000000 8.604698e-01
15200.000000 8.601278e-01
15250.000000 8.597868e-01
15300.000000 8.594469e-01
15350.000000 8.591081e-01
15400.000000 8.587703e-01
15450.000000 8.584335e-01
15500.000000 8.580978e-01
15550.000000 8.577631e-01
15600.000000 8.574295e-01
15650.000000 8.570969e-01
15700.000000 8.567653e-01
15750.000000 8.564348e-01
15800.000000 8.561052e-01
15850.000000 8.557767e-01
15900.000000 8.554492e-01
15950.000000 8.551226e-01
16000.000000 8.547971e-01
16050.000000 8.544726e-01
16100.000000 8.541491e-01
16150.000000 8.538266e-01
16200.000000 8.535050e-01
16250.000000 8.531900e-01
16300.000000 8.529449e-01
16350.000000 8.527005e-01
16400.000000 8.524567e-01
16450.000000 8.522135e-01
16500.000000 8.519709e-01
16550.000000 8.517290e-01
16600.000000 8.514877e-01
16650.000000 8.512470e-01
16700.000000 8.510069e-01
16750.000000 8.507674e-01
16800.000000 8.505285e-01
16850.000000 8.502903e-01
16900.000000 8.500526e-01
16950.000000 8.498156e-01
17000.000000 8.495791e-01
17050.000000 8.493432e-01
17100.000000 8.491080e-01
17150.000000 8.488733e-01
17200.000000 8.486393e-01
17250.000000 8.484058e-01
17300.000000 8.481729e-01
17350.000000 8.479406e-01
17400.000000 8.477089e-01
17450.000000 8.474777e-01
17500.000000 8.472472e-01
17550.000000 8.470172e-01
17600.000000 8.467878e-01
17650.000000 8.465590e-01
17700.000000 8.463308e-01
17750.000000 8.461031e-01
17800.000000 8.458760e-01
17850.000000 8.456495e-01
17900.000000 8.454235e-01
17950.000000 8.451981e-01
18000.000000 8.449733e-01
18050.000000 8.447490e-01
18100.000000 8.445253e-01
18150.000000 8.443021e-01
18200.000000 8.440795e-01
18250.000000 8.438575e-01
18300.000000 8.436360e-01
18350.000000 8.434150e-01
18400.000000 8.431946e-01
18450.000000 8.429748e-01
18500.000000 8.427555e-01
18550.000000 8.425367e-01
18600.000000 8.423185e-01
18650.000000 8.421008e-01
18700.000000 8.418836e-01
18750.000000 8.416670e-01
18800.000000 8.414510e-01
18850.000000 8.412354e-01
18900.000000 8.410204e-01
18950.000000 8.408059e-01
19000.000000 8.405920e-01
19050.000000 8.403785e-01
19100.000000 8.401656e-01
19150.000000 8.399532e-01
19200.000000 8.397414e-01
19250.000000 8.395300e-01
19300.000000 8.393192e-01
19350.000000 8.391089e-01
19400.000000 8.388991e-01
19450.000000 8.386898e-01
19500.000000 8.384810e-01
19550.000000 8.382728e-01
19600.000000 8.380650e-01
19650.000000 8.378578e-01
19700.000000 8.376510e-01
19750.000000 8.374448e-01
19800.000000 8.372390e-01
19850.000000 8.370338e-01
19900.000000 8.368290e-01
19950.000000 8.366248e-01
20000.000000 8.364210e-01
20050.000000 8.362177e-01
20100.000000 8.360150e-01
20150.000000 8.358127e-01
20200.000000 8.356109e-01
20250.000000 8.354096e-01
20300.000000 8.352088e-01
20350.000000 8.350084e-01
20400.000000 8.348085e-01
20450.000000 8.346092e-01
20500.000000 8.344103e-01
20550.000000 8.342118e-01
20600.000000 8.340139e-01
20650.000000 8.338164e-01
20700.000000 8.336194e-01
20750.000000 8.334229e-01
20800.000000 8.332268e-01
20850.000000 8.330312e-01
20900.000000 8.328361e-01
20950.000000 8.326415e-01
21000.000000 8.324473e-01
21050.000000 8.322535e-01
21100.000000 8.320602e-01
21150.000000 8.318674e-01
21200.000000 8.316751e-01
21250.000000 8.314832e-01
21300.000000 8.312917e-01
21350.000000 8.311007e-01
21400.000000 8.309102e-01
21450.000000 8.307201e-01
21500.000000 8.305305e-01
21550.000000 8.303413e-01
21600.000000 8.301525e-01
21650.000000 8.299642e-01
21700.000000 8.297764e-01
21750.000000 8.295890e-01
21800.000000 8.294020e-01
21850.000000 8.292155e-01
21900.000000 8.290294e-01
21950.000000 8.288437e-01
22000.000000 8.286585e-01
22050.000000 8.284715e-01
22100.000000 8.282096e-01
22150.000000 8.279484e-01
22200.000000 8.276879e-01
22250.000000 8.274281e-01
22300.000000 8.271689e-01
22350.000000 8.269104e-01
22400.000000 8.266526e-01
22450.000000 8.263954e-01
22500.000000 8.261389e-01
22550.000000 8.258831e-01
22600.000000 8.256279e-01
22650.000000 8.253734e-01
22700.000000 8.251195e-01
22750.000000 8.248663e-01
22800.000000 8.246138e-01
22850.000000 8.243619e-01
22900.000000 8.241106e-01
22950.000000 8.238600e-01
23000.000000 8.236100e-01
23050.000000 8.233606e-01
23100.000000 8.231119e-01
23150.000000 8.228639e-01
23200.000000 8.226164e-01
23250.000000 8.223696e-01
23300.000000 8.221234e-01
23350.000000 8.218779e-01
23400.000000 8.216330e-01
23450.000000 8.213886e-01
23500.000000 8.211450e-01
23550.000000 8.209019e-01
23600.000000 8.206594e-01
23650.000000 8.204176e-01
23700.000000 8.201764e-01
23750.000000 8.199358e-01
23800.000000 8.196958e-01
23850.000000 8.194564e-01
23900.000000 8.192176e-01
23950.000000 8.189794e-01
24000.000000 8.187418e-01
24050.000000 8.185048e-01
24100.000000 8.182684e-01
24150.000000 8.180326e-01
24200.000000 8.177974e-01
24250.000000 8.175627e-01
24300.000000 8.173287e-01
24350.000000 8.170952e-01
24400.000000 8.168624e-01
24450.000000 8.166301e-01
24500.000000 8.163984e-01
24550.000000 8.161673e-01
24600.000000 8.159367e-01
24650.000000 8.157067e-01
24700.000000 8.154773e-01
24750.000000 8.152485e-01
24800.000000 8.150202e-01
24850.000000 8.147925e-01
24900.000000 8.145654e-01
24950.000000 8.143388e-01
25000.000000 8.141128e-01
25050.000000 8.138873e-01
25100.000000 8.136624e-01
25150.000000 8.134381e-01
25200.000000 8.132143e-01
25250.000000 8.129911e-01
25300.000000 8.127684e-01
25350.000000 8.125463e-01
25400.000000 8.123247e-01
25450.000000 8.121036e-01
25500.000000 8.118831e-01
25550.000000 8.116632e-01
25600.000000 8.114437e-01
25650.000000 8.112248e-01
25700.000000 8.110065e-01
25750.000000 8.107887e-01
25800.000000 8.105714e-01
25850.000000 8.103546e-01
25900.000000 8.101384e-01
25950.000000 8.099227e-01
26000.000000 8.097075e-01
26050.000000 8.094929e-01
26100.000000 8.092787e-01
26150.000000 8.090651e-01
26200.000000 8.088520e-01
26250.000000 8.086394e-01
26300.000000 8.084274e-01
26350.000000 8.082158e-01
26400.000000 8.080048e-01
26450.000000 8.077942e-01
26500.000000 8.075842e-01
26550.000000 8.073747e-01
26600.000000 8.071657e-01
26650.000000 8.069572e-01
26700.000000 8.067492e-01
26750.000000 8.065417e-01
26800.000000 8.063347e-01
26850.000000 8.061281e-01
26900.000000 8.059221e-01
26950.000000 8.057166e-01
27000.000000 8.055115e-01
27050.000000 8.053070e-01
27100.000000 8.051029e-01
27150.000000 8.048994e-01
27200.000000 8.046963e-01
27250.000000 8.044937e-01
27300.000000 8.042916e-01
27350.000000 8.040899e-01
27400.000000 8.038888e-01
27450.000000 8.036881e-01
27500.000000 8.034879e-01
27550.000000 8.032881e-01
27600.000000 8.030889e-01
27650.000000 8.028901e-01
27700.000000 8.026917e-01
27750.000000 8.024939e-01
27800.000000 8.022965e-01
27850.000000 8.020996e-01
27900.000000 8.019709e-01
27950.000000 8.018435e-01
28000.000000 8.017164e-01
28050.000000 8.015895e-01
28100.000000 8.014628e-01
28150.000000 8.013363e-01
28200.000000 8.012099e-01
28250.000000 8.010838e-01
28300.000000 8.009579e-01
28350.000000 8.008322e-01
28400.000000 8.007067e-01
28450.000000 8.005814e-01
28500.000000 8.004563e-01
28550.000000 8.003314e-01
28600.000000 8.002067e-01
28650.000000 8.000822e-01
28700.000000 7.999579e-01
28750.000000 7.998337e-01
28800.000000 7.997098e-01
28850.000000 7.995861e-01
28900.000000 7.994626e-01
28950.000000 7.993392e-01
29000.000000 7.992161e-01
29050.000000 7.990932e-01
29100.000000 7.989704e-01
29150.000000 7.988479e-01
29200.000000 7.987255e-01
29250.000000 7.986033e-01
29300.000000 7.984814e-01
29350.000000 7.983596e-01
29400.000000 7.982380e-01
29450.000000 7.981166e-01
29500.000000 7.979954e-01
29550.000000 7.978744e-01
29600.000000 7.977536e-01
29650.000000 7.976329e-01
29700.000000 7.975125e-01
29750.000000 7.973922e-01
29800.000000 7.972721e-01
29850.000000 7.971523e-01
29900.000000 7.970326e-01
29950.000000 7.969131e-01
30000.000000 7.967937e-01
30050.000000 7.966746e-01
30100.000000 7.965557e-01
30150.000000 7.964369e-01
30200.000000 7.963183e-01
30250.000000 7.961999e-01
30300.000000 7.960817e-01
30350.000000 7.959637e-01
30400.000000 7.958459e-01
30450.000000 7.957282e-01
30500.000000 7.956107e-01
30550.000000 7.954935e-01
30600.000000 7.953763e-01
30650.000000 7.952594e-01
30700.000000 7.951427e-01
30750.000000 7.950261e-01
30800.000000 7.949097e-01
30850.000000 7.947935e-01
30900.000000 7.946775e-01
30950.000000 7.945617e-01
31000.000000 7.944460e-01
31050.000000 7.943305e-01
31100.000000 7.942152e-01
31150.000000 7.941001e-01
31200.000000 7.939851e-01
31250.000000 7.938703e-01
31300.000000 7.937557e-01
31350.000000 7.936363e-01
31400.000000 7.935079e-01
31450.000000 7.933798e-01
31500.000000 7.932519e-01
31550.000000 7.931244e-01
31600.000000 7.929971e-01
31650.000000 7.928701e-01
31700.000000 7.927433e-01
31750.000000 7.926169e-01
31800.000000 7.924907e-01
31850.000000 7.923647e-01
31900.000000 7.922391e-01
31950.000000 7.921137e-01
32000.000000 7.919885e-01
32050.000000 7.918636e-01
32100.000000 7.917390e-01
32150.000000 7.916147e-01
32200.000000 7.914906e-01
32250.000000 7.913668e-01
32300.000000 7.912432e-01
32350.000000 7.911199e-01
32400.000000 7.909969e-01
32450.000000 7.908741e-01
32500.000000 7.907516e-01
32550.000000 7.906293e-01
32600.000000 7.905073e-01
32650.000000 7.903856e-01
32700.000000 7.902641e-01
32750.000000 7.901428e-01
32800.000000 7.900218e-01
32850.000000 7.899011e-01
32900.000000 7.897806e-01
32950.000000 7.896604e-01
33000.000000 7.895404e-01
33050.000000 7.894207e-01
33100.000000 7.893012e-01
33150.000000 7.891819e-01
33200.000000 7.890629e-01
33250.000000 7.889442e-01
33300.000000 7.888257e-01
33350.000000 7.887075e-01
33400.000000 7.885895e-01
33450.000000 7.884717e-01
33500.000000 7.883542e-01
33550.000000 7.882369e-01
33600.000000 7.881199e-01
33650.000000 7.880031e-01
33700.000000 7.878865e-01
33750.000000 7.877702e-01
33800.000000 7.876541e-01
33850.000000 7.875383e-01
33900.000000 7.874227e-01
33950.000000 7.873073e-01
34000.000000 7.871922e-01
34050.000000 7.870773e-01
34100.000000 7.869627e-01
34150.000000 7.868482e-01
34200.000000 7.867340e-01
34250.000000 7.866201e-01
34300.000000 7.865064e-01
34350.000000 7.863929e-01
34400.000000 7.862796e-01
34450.000000 7.861666e-01
34500.000000 7.860538e-01
34550.000000 7.859412e-01
34600.000000 7.858289e-01
34650.000000 7.857168e-01
34700.000000 7.856049e-01
34750.000000 7.854932e-01
34800.000000 7.853818e-01
34850.000000 7.852706e-01
34900.000000 7.851596e-01
34950.000000 7.850488e-01
35000.000000 7.849383e-01
35050.000000 7.848279e-01
35100.000000 7.847178e-01
35150.000000 7.846080e-01
35200.000000 7.844983e-01
35250.000000 7.843889e-01
35300.000000 7.842797e-01
35350.000000 7.841707e-01
35400.000000 7.840619e-01
35450.000000 7.839533e-01
35500.000000 7.838450e-01
35550.000000 7.837368e-01
35600.000000 7.836289e-01
35650.000000 7.835212e-01
35700.000000 7.834137e-01
35750.000000 7.833065e-01
35800.000000 7.831994e-01
35850.000000 7.830926e-01
35900.000000 7.829859e-01
35950.000000 7.828795e-01
36000.000000 7.827733e-01
36050.000000 7.826673e-01
36100.000000 7.825615e-01
36150.000000 7.824559e-01
36200.000000 7.823505e-01
36250.000000 7.822454e-01
36300.000000 7.821404e-01
36350.000000 7.820356e-01
36400.000000 7.819311e-01
36450.000000 7.818267e-01
36500.000000 7.817226e-01
36550.000000 7.816187e-01
36600.000000 7.815149e-01
36650.000000 7.814114e-01
36700.000000 7.813081e-01
36750.000000 7.812050e-01
36800.000000 7.811020e-01
36850.000000 7.809993e-01
36900.000000 7.808968e-01
36950.000000 7.807945e-01
37000.000000 7.806924e-01
37050.000000 7.805904e-01
37100.000000 7.804887e-01
37150.000000 7.803872e-01
37200.000000 7.802858e-01
37250.000000 7.801847e-01
37300.000000 7.800838e-01
37350.000000 7.799830e-01
37400.000000 7.798825e-01
37450.000000 7.797821e-01
37500.000000 7.796820e-01
37550.000000 7.795820e-01
37600.000000 7.794822e-01
37650.000000 7.793826e-01
37700.000000 7.792832e-01
37750.000000 7.791840e-01
37800.000000 7.790850e-01
37850.000000 7.789862e-01
37900.000000 7.788876e-01
37950.000000 7.787891e-01
38000.000000 7.786909e-01
38050.000000 7.785928e-01
38100.000000 7.784949e-01
38150.000000 7.783972e-01
38200.000000 7.782997e-01
38250.000000 7.782024e-01
38300.000000 7.781053e-01
38350.000000 7.780083e-01
38400.000000 7.779116e-01
38450.000000 7.778150e-01
38500.000000 7.777186e-01
38550.000000 7.776224e-01
38600.000000 7.775264e-01
38650.000000 7.774305e-01
38700.000000 7.773348e-01
38750.000000 7.772393e-01
38800.000000 7.771440e-01
38850.000000 7.770489e-01
38900.000000 7.769540e-01
38950.000000 7.768592e-01
39000.000000 7.767646e-01
39050.000000 7.766702e-01
39100.000000 7.765760e-01
39150.000000 7.764819e-01
39200.000000 7.763880e-01
39250.000000 7.762943e-01
39300.000000 7.762008e-01
39350.000000 7.761074e-01
39400.000000 7.760142e-01
39450.000000 7.759212e-01
39500.000000 7.758140e-01
39550.000000 7.757052e-01
39600.000000 7.755965e-01
39650.000000 7.754880e-01
39700.000000 7.753798e-01
39750.000000 7.752716e-01
39800.000000 7.751637e-01
39850.000000 7.750559e-01
39900.000000 7.749483e-01
39950.000000 7.748408e-01
40000.000000 7.747336e-01
40050.000000 7.746265e-01
40100.000000 7.745195e-01
40150.000000 7.744128e-01
40200.000000 7.743062e-01
40250.000000 7.741998e-01
40300.000000 7.740935e-01
40350.000000 7.739874e-01
40400.000000 7.738815e-01
40450.000000 7.737758e-01
40500.000000 7.736702e-01
40550.000000 7.735648e-01
40600.000000 7.734595e-01
40650.000000 7.733544e-01
40700.000000 7.732495e-01
40750.000000 7.731448e-01
40800.000000 7.730402e-01
40850.000000 7.729358e-01
40900.000000 7.728315e-01
40950.000000 7.727274e-01
41000.000000 7.726235e-01
41050.000000 7.725197e-01
41100.000000 7.724161e-01
41150.000000 7.723126e-01
41200.000000 7.722093e-01
41250.000000 7.721062e-01
41300.000000 7.720033e-01
41350.000000 7.719004e-01
41400.000000 7.717978e-01
41450.000000 7.716953e-01
41500.000000 7.715930e-01
41550.000000 7.714908e-01
41600.000000 7.713888e-01
41650.000000 7.712870e-01
41700.000000 7.711853e-01
41750.000000 7.710838e-01
41800.000000 7.709824e-01
41850.000000 7.708812e-01
41900.000000 7.707801e-01
41950.000000 7.706792e-01
42000.000000 7.705784e-01
42050.000000 7.704778e-01
42100.000000 7.703774e-01
42150.000000 7.702771e-01
42200.000000 7.701770e-01
42250.000000 7.700770e-01
42300.000000 7.699772e-01
42350.000000 7.698775e-01
42400.000000 7.697780e-01
42450.000000 7.696786e-01
42500.000000 7.695794e-01
42550.000000 7.694804e-01
42600.000000 7.693815e-01
42650.000000 7.692827e-01
42700.000000 7.691841e-01
42750.000000 7.690857e-01
42800.000000 7.689874e-01
42850.000000 7.688892e-01
42900.000000 7.687912e-01
42950.000000 7.686934e-01
43000.000000 7.685956e-01
43050.000000 7.684981e-01
43100.000000 7.684007e-01
43150.000000 7.683034e-01
43200.000000 7.682063e-01
43250.000000 7.681094e-01
43300.000000 7.680125e-01
43350.000000 7.679159e-01
43400.000000 7.678193e-01
43450.000000 7.677230e-01
43500.000000 7.676267e-01
43550.000000 7.675307e-01
43600.000000 7.674347e-01
43650.000000 7.673389e-01
43700.000000 7.672433e-01
43750.000000 7.671478e-01
43800.000000 7.670524e-01
43850.000000 7.669572e-01
43900.000000 7.668621e-01
43950.000000 7.667672e-01
44000.000000 7.666724e-01
44050.000000 7.665777e-01
44100.000000 7.664832e-01
44150.000000 7.663889e-01
44200.000000 7.662946e-01
44250.000000 7.662006e-01
44300.000000 7.661066e-01
44350.000000 7.660128e-01
44400.000000 7.659192e-01
44450.000000 7.658256e-01
44500.000000 7.657323e-01
44550.000000 7.656390e-01
44600.000000 7.655459e-01
44650.000000 7.654529e-01
44700.000000 7.653601e-01
44750.000000 7.652674e-01
44800.000000 7.651749e-01
44850.000000 7.650825e-01
44900.000000 7.649902e-01
44950.000000 7.648981e-01
45000.000000 7.648061e-01
45050.000000 7.647142e-01
45100.000000 7.646225e-01
45150.000000 7.645309e-01
45200.000000 7.644394e-01
45250.000000 7.643481e-01
45300.000000 7.642569e-01
45350.000000 7.641659e-01
45400.000000 7.640749e-01
45450.000000 7.639842e-01
45500.000000 7.638935e-01
45550.000000 7.638030e-01
45600.000000 7.637126e-01
45650.000000 7.636224e-01
45700.000000 7.635322e-01
45750.000000 7.634422e-01
45800.000000 7.633524e-01
45850.000000 7.632627e-01
45900.000000 7.631731e-01
45950.000000 7.630836e-01
46000.000000 7.629943e-01
46050.000000 7.629051e-01
46100.000000 7.628160e-01
46150.000000 7.627271e-01
46200.000000 7.626383e-01
46250.000000 7.625496e-01
46300.000000 7.624610e-01
46350.000000 7.623726e-01
46400.000000 7.622843e-01
46450.000000 7.621962e-01
46500.000000 7.621081e-01
46550.000000 7.620202e-01
46600.000000 7.619324e-01
46650.000000 7.618448e-01
46700.000000 7.617573e-01
46750.000000 7.616699e-01
46800.000000 7.615826e-01
46850.000000 7.614954e-01
46900.000000 7.614084e-01
46950.000000 7.613215e-01
47000.000000 7.612348e-01
47050.000000 7.611481e-01
47100.000000 7.610616e-01
47150.000000 7.609752e-01
47200.000000 7.608889e-01
47250.000000 7.608028e-01
47300.000000 7.607168e-01
47350.000000 7.606309e-01
47400.000000 7.605451e-01
47450.000000 7.604594e-01
47500.000000 7.603739e-01
47550.000000 7.602885e-01
47600.000000 7.602032e-01
47650.000000 7.601181e-01
47700.000000 7.600330e-01
47750.000000 7.599481e-01
47800.000000 7.598633e-01
47850.000000 7.597786e-01
47900.000000 7.596941e-01
47950.000000 7.596096e-01
48000.000000 7.595253e-01
48050.000000 7.594411e-01
48100.000000 7.593570e-01
48150.000000 7.592731e-01
48200.000000 7.591892e-01
48250.000000 7.591055e-01
48300.000000 7.590219e-01
48350.000000 7.589384e-01
48400.000000 7.588551e-01
48450.000000 7.587718e-01
48500.000000 7.586887e-01
48550.000000 7.586057e-01
48600.000000 7.585228e-01
48650.000000 7.584400e-01
48700.000000 7.583574e-01
48750.000000 7.582748e-01
48800.000000 7.581924e-01
48850.000000 7.581101e-01
48900.000000 7.580279e-01
48950.000000 7.579458e-01
49000.000000 7.578639e-01
49050.000000 7.577820e-01
49100.000000 7.577003e-01
49150.000000 7.576187e-01
49200.000000 7.575372e-01
49250.000000 7.574558e-01
49300.000000 7.573745e-01
49350.000000 7.572934e-01
49400.000000 7.572123e-01
49450.000000 7.571314e-01
49500.000000 7.570505e-01
49550.000000 7.569698e-01
49600.000000 7.568892e-01
49650.000000 7.568088e-01
49700.000000 7.567284e-01
49750.000000 7.566481e-01
49800.000000 7.565680e-01
49850.000000 7.564879e-01
49900.000000 7.564080e-01
49950.000000 7.563282e-01
50000.000000 7.562485e-01
50050.000000 7.561689e-01
50100.000000 7.560894e-01
50150.000000 7.560101e-01
50200.000000 7.559308e-01
50250.000000 7.558516e-01
